624
9
4485
1973
0 1 1 30 66  3 (D 0,1,1) (S 10,19,19) (D 0,1,1)
0 1 2 39 109  8 (D 0,1,1) (S 22,12,13) (S 23,12,6) (S 5,6,6) (S 28,8,7) (S 6,7,7) (S 17,8,14) (D 0,1,1)
0 1 3 40 90  11 (D 0,1,1) (S 36,15,16) (S 41,16,15) (S 15,17,18) (S 34,18,14) (S 31,14,18) (S 8,14,14) (S 42,13,17) (S 39,17,13) (S 35,12,11) (D 0,1,1)
0 1 4 35 77  8 (D 0,1,1) (S 21,11,15) (S 30,15,21) (S 38,24,21) (S 29,24,23) (S 25,23,22) (S 13,22,22) (D 0,1,1)
0 1 5 35 93  6 (D 0,1,1) (S 19,20,21) (S 26,21,15) (S 12,21,21) (S 9,16,16) (D 0,1,1)
0 1 6 38 57  7 (D 0,1,1) (S 16,3,4) (S 33,5,11) (S 27,11,5) (S 4,5,5) (S 3,4,4) (D 0,1,1)
0 1 7 40 54  7 (D 0,1,1) (S 20,9,10) (S 43,10,11) (S 32,11,10) (S 40,9,3) (S 2,3,3) (D 0,1,1)
0 1 8 40 61  7 (D 0,1,1) (S 37,1,3) (S 24,10,20) (S 14,23,23) (S 11,20,20) (S 7,9,9) (D 0,1,1)
0 1 9 13 17  4 (D 0,1,1) (S 18,1,2) (S 1,2,2) (D 0,1,1)
