515
9
2814
1512
0 1 1 29 60  8 (D 0,1,1) (S 19,7,8) (S 8,14,14) (S 4,8,8) (S 13,7,13) (S 7,13,13) (S 11,17,17) (D 0,1,1)
0 1 2 42 69  12 (D 0,1,1) (S 29,12,17) (S 33,17,12) (S 17,12,16) (S 31,16,17) (S 44,17,13) (S 23,13,14) (S 15,14,18) (S 49,18,17) (S 36,17,16) (S 10,16,16) (D 0,1,1)
0 1 3 43 56  7 (D 0,1,1) (S 41,20,21) (S 50,21,24) (S 37,24,21) (S 46,21,15) (S 9,15,15) (D 0,1,1)
0 1 4 45 57  9 (D 0,1,1) (S 39,1,19) (S 40,19,9) (S 5,9,9) (S 2,3,3) (S 51,2,10) (S 28,10,2) (S 32,2,4) (D 0,1,1)
0 1 5 42 70  7 (D 0,1,1) (S 45,19,22) (S 21,23,24) (S 22,21,23) (S 12,22,22) (S 35,20,15) (D 0,1,1)
0 1 6 43 49  9 (D 0,1,1) (S 25,5,6) (S 42,6,7) (S 26,7,6) (S 43,6,5) (S 48,5,4) (S 30,4,5) (S 3,5,5) (D 0,1,1)
0 1 7 35 48  5 (D 0,1,1) (S 47,1,9) (S 24,3,4) (S 1,2,2) (D 0,1,1)
0 1 8 40 57  6 (D 0,1,1) (S 14,1,5) (S 20,6,12) (S 6,12,12) (S 18,6,11) (D 0,1,1)
0 1 9 39 49  6 (D 0,1,1) (S 34,1,11) (S 38,11,1) (S 27,19,20) (S 16,1,20) (D 0,1,1)
