233
9
1399
837
0 1 1 27 30  5 (D 0,1,1) (S 17,6,9) (S 3,4,4) (S 20,2,7) (D 0,1,1)
0 1 2 24 26  6 (D 0,1,1) (S 26,1,4) (S 27,4,5) (S 24,5,11) (S 6,7,7) (D 0,1,1)
0 1 3 27 30  5 (D 0,1,1) (S 1,2,2) (S 23,2,3) (S 15,3,5) (D 0,1,1)
0 1 4 13 15  4 (D 0,1,1) (S 21,5,8) (S 7,8,8) (D 0,1,1)
0 1 5 24 27  6 (D 0,1,1) (S 18,5,7) (S 32,7,9) (S 16,9,10) (S 13,3,7) (D 0,1,1)
0 1 6 27 31  7 (D 0,1,1) (S 11,6,10) (S 33,3,10) (S 9,10,10) (S 31,3,11) (S 28,7,10) (D 0,1,1)
0 1 7 18 21  5 (D 0,1,1) (S 5,6,6) (S 29,6,8) (S 22,8,9) (D 0,1,1)
0 1 8 18 22  6 (D 0,1,1) (S 12,1,11) (S 2,3,3) (S 19,3,4) (S 14,4,11) (D 0,1,1)
0 1 9 27 31  7 (D 0,1,1) (S 4,5,5) (S 30,5,10) (S 25,3,9) (S 8,9,9) (S 10,1,7) (D 0,1,1)
