230
9
2033
924
0 1 1 27 30  4 (D 0,1,1) (S 3,4,4) (S 21,4,5) (D 0,1,1)
0 1 2 27 30  6 (D 0,1,1) (S 1,2,2) (S 30,2,11) (S 27,2,5) (S 13,5,8) (D 0,1,1)
0 1 3 8 11  4 (D 0,1,1) (S 26,1,11) (S 15,2,3) (D 0,1,1)
0 1 4 27 29  8 (D 0,1,1) (S 33,5,10) (S 25,3,4) (S 31,4,11) (S 29,7,10) (S 19,3,7) (S 6,7,7) (D 0,1,1)
0 1 5 24 25  4 (D 0,1,1) (S 18,1,3) (S 2,3,3) (D 0,1,1)
0 1 6 24 26  7 (D 0,1,1) (S 4,5,5) (S 23,5,11) (S 12,7,9) (S 8,9,9) (S 10,4,7) (D 0,1,1)
0 1 7 21 25  6 (D 0,1,1) (S 22,1,8) (S 7,8,8) (S 14,5,7) (S 9,4,9) (D 0,1,1)
0 1 8 26 30  7 (D 0,1,1) (S 28,1,7) (S 24,2,9) (S 20,9,10) (S 17,3,10) (S 5,6,6) (D 0,1,1)
0 1 9 21 24  5 (D 0,1,1) (S 16,1,10) (S 32,1,6) (S 11,6,8) (D 0,1,1)
