329
6
3145
1401
0 1 1 28 48  6 (D 0,1,1) (S 38,9,10) (S 23,10,18) (S 8,10,10) (S 10,12,12) (D 0,1,1)
0 1 2 33 51  7 (D 0,1,1) (S 14,2,22) (S 1,2,2) (S 16,7,2) (S 17,2,4) (S 3,4,4) (D 0,1,1)
0 1 3 33 37  7 (D 0,1,1) (S 15,9,19) (S 27,19,20) (S 33,20,21) (S 28,21,22) (S 37,2,1) (D 0,1,1)
0 1 4 43 63  9 (D 0,1,1) (S 18,3,8) (S 25,8,20) (S 6,8,8) (S 2,3,3) (S 22,3,21) (S 29,3,4) (S 20,4,1) (D 0,1,1)
0 1 5 43 63  12 (D 0,1,1) (S 13,7,5) (S 24,5,14) (S 34,5,6) (S 36,6,15) (S 12,15,15) (S 4,6,6) (S 26,16,17) (S 31,17,18) (S 19,18,19) (S 7,9,9) (D 0,1,1)
0 1 6 44 67  9 (D 0,1,1) (S 21,1,11) (S 9,11,11) (S 5,7,7) (S 35,13,22) (S 30,13,14) (S 11,14,14) (S 32,5,1) (D 0,1,1)
