356
8
1978
863
0 1 1 24 33  5 (D 0,1,1) (S 22,1,8) (S 19,8,9) (S 14,9,10) (D 0,1,1)
0 1 2 23 29  4 (D 0,1,1) (S 9,4,3) (S 16,3,1) (D 0,1,1)
0 1 3 36 57  6 (D 0,1,1) (S 5,6,6) (S 13,3,6) (S 8,6,9) (S 7,9,9) (D 0,1,1)
0 1 4 32 58  5 (D 0,1,1) (S 3,4,4) (S 23,4,2) (S 10,2,8) (D 0,1,1)
0 1 5 39 61  4 (D 0,1,1) (S 2,3,3) (S 1,2,2) (D 0,1,1)
0 1 6 27 36  4 (D 0,1,1) (S 4,5,5) (S 12,4,1) (D 0,1,1)
0 1 7 27 36  4 (D 0,1,1) (S 21,1,7) (S 15,7,10) (D 0,1,1)
0 1 8 37 46  7 (D 0,1,1) (S 17,1,5) (S 20,5,7) (S 11,7,8) (S 18,8,10) (S 6,7,7) (D 0,1,1)
