225
7
2200
886
0 1 1 20 38  9 (D 0,1,1) (S 29,11,12) (S 9,13,13) (S 36,13,14) (S 24,14,18) (S 30,17,18) (S 12,18,18) (S 28,13,12) (D 0,1,1)
0 1 2 20 33  8 (D 0,1,1) (S 19,5,11) (S 18,11,15) (S 11,16,16) (S 27,16,15) (S 23,15,21) (S 10,15,15) (D 0,1,1)
0 1 3 19 29  7 (D 0,1,1) (S 22,10,20) (S 38,23,20) (S 16,22,22) (S 35,22,19) (S 13,19,19) (D 0,1,1)
0 1 4 20 36  7 (D 0,1,1) (S 31,23,24) (S 21,21,24) (S 15,21,21) (S 14,20,20) (S 7,9,9) (D 0,1,1)
0 1 5 19 34  7 (D 0,1,1) (S 3,5,5) (S 20,10,11) (S 4,6,6) (S 26,12,6) (S 8,12,12) (D 0,1,1)
0 1 6 20 32  8 (D 0,1,1) (S 37,2,4) (S 33,5,6) (S 6,8,8) (S 34,8,7) (S 5,7,7) (S 32,6,12) (D 0,1,1)
0 1 7 19 23  6 (D 0,1,1) (S 17,1,3) (S 1,3,3) (S 25,1,2) (S 2,4,4) (D 0,1,1)
