850
9
7180
4540
0 1 1 74 125  12 (D 0,1,1) (S 25,10,16) (S 79,16,23) (S 40,23,24) (S 14,24,24) (S 42,22,23) (S 30,23,28) (S 22,34,34) (S 21,33,33) (S 17,28,28) (S 73,21,20) (D 0,1,1)
0 1 2 67 117  12 (D 0,1,1) (S 63,25,30) (S 33,30,31) (S 75,31,32) (S 71,32,27) (S 59,27,28) (S 60,28,27) (S 16,27,27) (S 31,26,31) (S 20,32,32) (S 13,21,21) (D 0,1,1)
0 1 3 75 102  15 (D 0,1,1) (S 6,8,8) (S 51,8,9) (S 55,3,10) (S 53,10,11) (S 66,11,5) (S 61,5,11) (S 58,11,17) (S 80,17,24) (S 78,24,17) (S 52,17,11) (S 54,5,4) (S 39,4,10) (S 47,3,2) (D 0,1,1)
0 1 4 72 100  11 (D 0,1,1) (S 32,13,14) (S 29,15,22) (S 41,21,22) (S 72,22,28) (S 83,28,34) (S 77,34,24) (S 69,24,11) (S 67,11,10) (S 62,16,15) (D 0,1,1)
0 1 5 74 90  15 (D 0,1,1) (S 56,7,13) (S 27,13,19) (S 70,19,20) (S 86,20,19) (S 36,19,25) (S 82,25,29) (S 50,29,25) (S 37,25,26) (S 15,26,26) (S 81,20,26) (S 65,26,20) (S 84,20,14) (S 68,13,7) (D 0,1,1)
0 1 6 72 94  11 (D 0,1,1) (S 35,1,2) (S 34,2,13) (S 24,14,15) (S 76,15,21) (S 85,21,15) (S 49,15,9) (S 48,9,15) (S 11,14,14) (S 12,19,19) (D 0,1,1)
0 1 7 75 92  11 (D 0,1,1) (S 38,6,12) (S 26,12,13) (S 7,9,9) (S 8,10,10) (S 28,16,17) (S 9,11,11) (S 46,3,4) (S 3,4,4) (S 2,3,3) (D 0,1,1)
0 1 8 71 82  10 (D 0,1,1) (S 44,6,18) (S 45,18,29) (S 23,29,30) (S 19,30,30) (S 18,29,29) (S 64,18,12) (S 10,12,12) (S 4,6,6) (D 0,1,1)
0 1 9 34 48  7 (D 0,1,1) (S 74,6,7) (S 43,7,6) (S 57,1,7) (S 5,7,7) (S 1,2,2) (D 0,1,1)
