355
8
705
258
0 1 1 35 47  3 (D 0,1,1) (S 3,4,4) (D 0,1,1)
0 1 2 27 35  3 (D 0,1,1) (S 6,7,7) (D 0,1,1)
0 1 3 30 40  6 (D 0,1,1) (S 17,4,2) (S 18,2,3) (S 20,3,6) (S 9,6,7) (D 0,1,1)
0 1 4 36 52  5 (D 0,1,1) (S 12,5,6) (S 5,6,6) (S 2,3,3) (D 0,1,1)
0 1 5 29 45  4 (D 0,1,1) (S 15,2,5) (S 4,5,5) (D 0,1,1)
0 1 6 28 34  5 (D 0,1,1) (S 8,1,6) (S 1,2,2) (S 16,2,1) (D 0,1,1)
0 1 7 23 39  5 (D 0,1,1) (S 21,1,8) (S 19,8,10) (S 13,7,9) (D 0,1,1)
0 1 8 37 63  6 (D 0,1,1) (S 14,1,9) (S 7,9,9) (S 11,7,8) (S 10,8,9) (D 0,1,1)
